 F
       54411     9778586           3        1000
  -0.363773840468387716E+005  -0.363334093718920340E+005
 T
   2
   0.200000000000000000E+001   0.300000000000000000E+001   0.288999999999999979E+000   0.710999999999999965E+000
   0
   0
 T T     0           0
   0.000000000000000000E+000  -0.999999999999999966E+090   0.000000000000000000E+000
 T F     1         289
   0.228164581670578320E-023  -0.364008222546646793E+005  -0.363543886174767904E+005
 T F     1         711
   0.415913358900927782E-023  -0.363773840468388371E+005  -0.363334093718644217E+005
