 F
       54610   156707329           3        1000
  -0.363667804915999004E+005  -0.363238438902725393E+005
 T
   2
   0.200000000000000000E+001   0.300000000000000000E+001   0.362999999999999989E+000   0.637000000000000011E+000
   0
   0
 T T     0           0
   0.000000000000000000E+000  -0.999999999999999966E+090   0.000000000000000000E+000
 T F     1         363
   0.431681721673250937E-025  -0.363737786514107793E+005  -0.363247880180401044E+005
 T F     1         637
   0.289423585549957731E-022  -0.363667814055790368E+005  -0.363238430283810449E+005
